File Format	-4
Header Size-Total Lines	68
Header Size-Text Lines	10
File Info String	Put experiment notes here: DON'T USE TAB or ENTER keys!
Channel Assignment1	Trap1X
Channel Assignment2	Trap1Y
Channel Assignment3	Trap2X
Channel Assignment4	Trap2Y
Channel Assignment5	Sum1
Channel Assignment6	Sum2
Channel Assignment7	AODpos
Channel Assignment8	FB-FiltErr
Power Spectra File Name	220826-cal  1.txt
Number of Channels	8
Sample Rate	20000
Sample Averaging	1
AI-6 Data Select	1
K1	0.024436
K2	1.000000
K3	0.041955
K4	1.000000
CAL1	63.489382
CAL2	1.000000
CAL3	43.727517
CAL4	1.000000
Fc1	393.001173
Fc2	1.000000
Fc3	674.755804
Fc4	1.000000
FB-Mbead Trap	2.000000
FB-Filter	2.000000
FB-Gain	0.100000
Fb-MaxPosRange	200.000000
Fb-Window(TC)	5.000000
Fb-Setpoint(init)	0.308457
FB-Trap1AvgV	0.308457
FB-Trap2AvgV	1.599781
AOD-Oscill-WaitT	150.000000
AOD-BindThr	1.000000
AOD-ReleaseThr	0.500000
AOD-RampProbeOn	0.000000
AOD-NMperKHZ	0.857000
AOD1-InitPos	4.740000
AOD2-InitPos	-4.000028
AOD1-Ampl	17.000000
AOD2-Ampl	19.000000
Stage-OscillFreq	10
Stage-OscillAmpl	20
Stage-OscillWfm	0
Stage-BindThr-dF	5.000000
Stage-ReleaseThr-dF	3.000000
Trap1Offset	1.200000
Trap2Offset	4.800000
Ramp-NMperStep_R	5.000000
Ramp-NMperStep_L	5.000000
Ramp-StepTime	1.000000
Ramp-Move Dist	200.000000
Ramp-InitDir	0.000000
Ramp-Type	1.000000
Reserved	0.000000
Mode	2.000000
FB-PulseWidth	0.500000
FB-PulseVolts	0.500000
FB-PulseIntrvl	100.000000
Temperature	0.000000
Reserved6	0.000000
Reserved7	0.000000
Reserved8	0.000000
Trap1X	Trap1Y	Trap2X	Trap2Y	Sum1	Sum2	AODpos	FB-FiltErr
-0.735191	0.030519	0.936003	0.114750	5.027619	4.802393	817.644651	-0.045167
-0.654622	0.039674	0.853298	0.116276	5.059664	4.839625	819.933090	-0.037843
-0.601520	0.032044	0.872829	0.116276	5.044710	4.828333	821.894609	-0.032960
-0.559709	0.054933	1.070284	0.013428	5.075533	4.868618	823.529208	-0.029298
-0.535600	0.067446	1.082186	0.025636	5.047761	4.845729	825.163807	-0.027467
-0.477920	0.053102	0.947600	0.042421	5.031587	4.832301	826.471487	-0.022279
-0.421461	0.050356	1.001923	0.100101	5.052644	4.851833	827.779166	-0.017090
-0.523087	0.024720	1.120945	0.083926	5.033723	4.831690	828.759926	-0.027772
-0.494095	-0.014649	1.114231	0.086673	5.029756	4.824366	830.067605	-0.025330
-0.371410	0.032350	1.034577	0.090640	5.036470	4.830470	831.375285	-0.013123
-0.351573	0.037233	1.049226	0.030213	5.058748	4.848476	832.029124	-0.011292
-0.322886	0.033876	1.203955	-0.008545	5.016022	4.806360	832.682964	-0.008545
-0.293283	0.046388	1.096835	-0.031739	5.049287	4.833216	833.009884	-0.005799
-0.222175	0.082705	1.050447	-0.012207	5.014496	4.802393	833.336804	0.001221
-0.221870	0.127567	1.153600	-0.078738	5.023041	4.814295	833.336804	0.000916
-0.166936	0.131840	1.161840	-0.078433	5.017853	4.807886	833.336804	0.006409
-0.070193	0.110477	1.289407	0.029908	4.986724	4.770043	833.009884	0.016175
-0.080264	0.164190	1.404767	0.010376	5.057222	4.840541	832.029124	0.015259
-0.138554	0.115970	1.360210	0.003967	5.047761	4.835047	831.375285	0.009461
-0.141911	0.073855	1.243629	-0.040895	5.008698	4.792322	830.721445	0.009156
-0.139775	0.102542	1.255837	-0.066225	5.029145	4.819788	830.394525	0.009156
-0.223701	0.089114	1.172216	-0.005493	5.014801	4.802698	830.067605	0.000916
-0.169378	0.065004	1.309549	-0.025636	5.000458	4.786828	829.740685	0.006409
-0.174261	0.074160	1.390118	-0.099185	5.059664	4.849391	829.413766	0.005799
-0.148930	0.005493	1.390423	-0.012207	4.984588	4.779809	829.086846	0.008545
-0.021058	0.015870	1.404157	-0.057680	5.095981	4.884182	828.759926	0.021363
-0.053102	-0.010681	1.359600	-0.027467	5.045015	4.835047	827.779166	0.018311
0.076296	-0.032960	1.503952	-0.051271	5.054170	4.837184	826.798407	0.031434
0.092471	-0.035401	1.520737	-0.035401	5.007782	4.791101	825.163807	0.033265
0.016175	0.002441	1.435896	-0.014649	5.050813	4.833827	823.529208	0.025941
0.052187	0.036317	1.488998	-0.014039	4.995575	4.778893	822.221529	0.029908
0.126041	0.003662	1.634877	-0.034791	4.967193	4.744407	820.586929	0.037843
0.090335	-0.018311	1.566820	-0.012818	5.023347	4.790796	818.625410	0.034791
0.071718	0.007630	1.596728	-0.041505	4.961394	4.730979	816.990811	0.033265
0.037538	-0.006409	1.701712	-0.052187	4.978179	4.746239	815.356212	0.030213
0.111087	-0.019837	1.772515	-0.093387	5.082858	4.847560	813.721612	0.038148
0.083010	-0.057680	1.743522	-0.146794	5.001984	4.774621	811.760093	0.036012
0.000610	-0.041810	1.593982	-0.076907	5.052034	4.832911	809.798574	0.028077
-0.022584	-0.055849	1.565905	-0.129704	4.983367	4.769738	808.490895	0.026246
-0.159307	-0.031129	1.450545	-0.120243	5.023041	4.813990	807.183215	0.012818
-0.270089	-0.098880	1.505478	-0.062868	5.009919	4.805445	806.529376	0.001831
-0.233467	-0.112918	1.662648	-0.098880	5.003815	4.800562	806.529376	0.005799
-0.124210	-0.109867	1.716666	-0.032044	4.976348	4.776757	806.202456	0.017090
-0.052187	-0.086978	1.721854	-0.046083	4.973907	4.782556	805.221696	0.024720
-0.155339	-0.083010	1.666616	0.016480	5.026399	4.836268	803.914017	0.014649
-0.174871	-0.063784	1.669668	-0.022279	5.068819	4.882656	803.260177	0.012818
-0.092776	-0.072634	1.724906	-0.016175	5.021821	4.838099	802.606337	0.021363
-0.167241	-0.069582	1.600696	-0.053102	5.056307	4.868923	801.625578	0.014344
-0.142216	-0.056459	1.665395	-0.063478	5.002289	4.822840	800.971738	0.016785
-0.130619	-0.036012	1.712699	-0.011292	5.021821	4.838404	799.990979	0.018311
-0.149236	-0.045778	1.767022	0.009766	5.037080	4.842067	799.010219	0.016785
-0.243538	-0.025636	1.796014	-0.058901	5.034944	4.831385	798.029459	0.007324
-0.137333	0.014954	1.913205	-0.090945	5.063631	4.850917	797.702540	0.018311
-0.279244	0.059511	1.746879	-0.046999	4.990387	4.779809	796.721780	0.003967
-0.279244	0.064089	1.825007	0.015870	5.077364	4.858852	796.394860	0.003967
-0.231025	0.006409	1.726127	0.052187	4.991302	4.766686	796.067940	0.008850
-0.138554	-0.017090	1.916868	-0.041810	5.015412	4.785302	795.741020	0.018006
-0.179144	0.020447	1.911679	0.084536	5.009308	4.774316	794.760261	0.014039
-0.131230	-0.015564	2.026124	0.073244	5.054781	4.816126	794.106421	0.018921
-0.260933	-0.008850	2.048708	0.093692	4.971465	4.729453	793.125662	0.005799
-0.269173	-0.029298	1.842708	0.098575	5.035554	4.788965	792.798742	0.005188
-0.366832	-0.017396	1.694693	0.076907	5.012055	4.765465	792.471822	-0.004578
-0.344249	-0.030824	1.709952	0.063478	5.076144	4.824976	792.798742	-0.002441
-0.313730	-0.021668	1.761834	0.017396	5.027619	4.776757	792.798742	0.000610
-0.344859	-0.011902	1.693777	0.006714	5.096286	4.842982	792.798742	-0.002441
-0.362865	-0.018311	1.714225	0.051271	5.011750	4.760277	792.798742	-0.004273
-0.449843	-0.022889	1.699881	0.060732	5.058443	4.806055	793.125662	-0.013123
-0.407117	0.006409	1.636402	0.048524	5.038606	4.793237	793.779501	-0.008850
-0.434278	0.014344	1.582080	0.060427	5.093844	4.854579	794.106421	-0.011597
-0.501114	0.018616	1.588794	0.014039	5.098727	4.860988	794.760261	-0.018311
-0.437635	0.026246	1.590320	0.047914	5.011750	4.792932	795.741020	-0.011902
-0.427259	0.000610	1.637928	0.043031	5.082247	4.863735	796.394860	-0.010987
-0.358592	0.030213	1.740165	0.026246	5.050813	4.843898	797.048700	-0.004273
-0.482192	0.052187	1.620533	0.072634	5.012970	4.815821	797.375620	-0.016785
-0.674459	0.027772	1.461226	0.093692	5.015717	4.820704	798.356379	-0.036622
-0.716269	0.007324	1.408734	0.061037	4.991913	4.804834	800.317898	-0.041200
-0.733970	-0.003967	1.257057	0.065004	5.077059	4.897000	802.606337	-0.043641
-0.674764	-0.017396	1.299173	0.068972	5.064547	4.880520	804.894776	-0.038148
-0.525529	0.051881	1.330912	-0.031739	5.005646	4.818262	806.856295	-0.023499
-0.401929	0.021668	1.427961	0.012207	5.045625	4.850002	808.163975	-0.010987
-0.368053	-0.014954	1.468551	0.013428	5.008393	4.817042	808.817815	-0.007630
-0.301218	0.031434	1.342204	-0.012818	4.993439	4.796594	809.144734	-0.000916
-0.295114	0.022889	1.300394	0.092776	5.037385	4.834132	809.144734	-0.000305
-0.313425	0.010987	1.245155	0.133671	4.984893	4.781030	809.144734	-0.001831
-0.401624	-0.006714	1.239051	0.032655	5.024262	4.814295	809.144734	-0.010681
-0.388501	-0.016480	1.373943	0.057680	4.994049	4.784997	809.798574	-0.009156
-0.336619	-0.012207	1.345561	-0.002747	5.066073	4.856716	810.125494	-0.003662
-0.308542	0.002747	1.288186	0.010071	5.076449	4.858242	810.452414	-0.000610
-0.238350	-0.011597	1.423688	-0.010376	5.045930	4.825282	810.452414	0.006714
-0.240791	0.042726	1.557360	-0.053102	4.992523	4.784387	810.125494	0.006714
-0.250862	0.054323	1.568651	-0.036012	5.026093	4.819483	809.798574	0.006104
-0.226753	0.043947	1.644948	-0.018921	5.075533	4.872585	809.471654	0.009156
-0.133671	0.070193	1.563768	0.027467	5.091708	4.890896	809.144734	0.019227
-0.177007	0.046083	1.402631	0.044557	5.043184	4.843593	808.163975	0.015259
-0.232551	0.066530	1.297342	0.050966	4.991913	4.793237	807.510135	0.010376
-0.303354	0.080264	1.446883	0.025025	5.067293	4.863735	806.856295	0.003662
-0.338145	0.053407	1.494186	-0.050356	5.045625	4.848170	806.529376	0.000610
-0.280770	0.045167	1.521653	-0.089419	5.023347	4.825587	806.529376	0.007019
-0.360118	0.012818	1.460311	-0.105594	5.024567	4.823756	806.202456	-0.000305
-0.411390	-0.002747	1.485031	-0.135502	5.040742	4.838710	806.202456	-0.005188
-0.408032	-0.043641	1.520432	-0.109561	5.072787	4.867397	806.529376	-0.004578
-0.354930	-0.000916	1.424909	-0.097964	5.007782	4.812159	806.856295	0.001221
-0.277108	-0.053407	1.603137	-0.154729	4.990997	4.795679	806.856295	0.009156
-0.285653	-0.023499	1.675771	-0.086978	5.010224	4.813990	806.856295	0.008545
-0.235908	-0.039674	1.646474	-0.013428	5.024873	4.831080	806.529376	0.014039
-0.195929	-0.006714	1.817988	-0.059206	4.972991	4.789575	805.875536	0.018311
-0.186163	-0.052797	1.951964	-0.065004	4.970550	4.785607	804.894776	0.019227
-0.275887	-0.022279	1.846980	-0.051576	5.031892	4.852748	803.914017	0.010681
-0.171209	-0.004578	1.893368	-0.018311	5.058138	4.879299	803.260177	0.021363
-0.086062	0.005188	1.827143	-0.032044	5.050508	4.868313	802.279418	0.030213
-0.210273	-0.024415	1.721549	-0.040284	5.067293	4.883877	800.644818	0.018006
-0.173345	0.010071	1.885739	-0.007630	5.086825	4.897916	799.664059	0.021668
-0.180670	0.025025	1.802118	-0.091250	5.029756	4.837184	798.683299	0.021058
-0.293283	0.000000	1.774041	-0.042726	5.063021	4.862819	797.702540	0.009766
-0.227668	0.023499	1.867428	0.071108	5.029450	4.831385	797.048700	0.016480
-0.284127	-0.008545	1.808222	0.005493	4.993744	4.787439	796.067940	0.010681
-0.284738	0.027467	1.827448	-0.038759	5.057527	4.844813	795.414101	0.010376
-0.240486	-0.009156	1.821955	0.038148	5.039827	4.820704	794.760261	0.014649
-0.297250	-0.017396	1.737724	-0.032044	5.063326	4.838099	794.106421	0.008850
-0.462050	-0.009156	1.677908	-0.076296	5.058138	4.821619	793.452581	-0.007935
-0.498978	0.003662	1.578112	-0.036622	5.001068	4.770653	793.125662	-0.011902
-0.467849	0.014344	1.605884	-0.028993	4.994049	4.764550	793.452581	-0.009156
-0.336619	0.013428	1.842402	-0.038453	4.994964	4.768517	794.106421	0.003662
-0.316477	0.050966	1.886654	-0.024415	5.068514	4.838404	793.779501	0.005493
-0.266732	0.064089	1.865902	-0.088198	5.009308	4.781030	793.452581	0.010376
-0.258492	0.060732	1.896420	-0.056154	5.000458	4.765770	792.798742	0.010987
-0.260628	0.057375	1.849422	-0.017396	5.027924	4.790796	792.144902	0.010681
-0.364086	0.062258	1.850642	0.014344	5.018464	4.775536	791.491062	0.000000
-0.320750	0.044557	1.817072	0.045778	5.135044	4.882046	791.491062	0.003662
-0.335704	0.021058	1.888485	0.058290	4.955901	4.705039	791.164142	0.001831
-0.410169	-0.014344	1.915952	0.022279	5.067598	4.810022	791.164142	-0.006104
-0.341197	-0.010376	1.866512	0.046083	5.029145	4.773400	791.491062	0.000610
-0.267953	-0.028687	1.806696	0.035096	5.113987	4.853053	791.491062	0.007324
-0.219733	-0.020753	1.900693	-0.032655	5.027009	4.765770	791.164142	0.011902
-0.174261	-0.066225	1.874752	-0.057680	5.016633	4.753563	790.510303	0.016175
-0.132450	-0.057680	1.936399	-0.068056	4.976653	4.713584	789.529543	0.020142
-0.108646	-0.003357	1.980041	-0.062258	5.065767	4.800562	788.548784	0.022584
-0.247810	0.002441	1.959899	-0.049440	4.963225	4.713889	787.568024	0.008240
-0.203253	-0.053407	1.932127	-0.090945	5.060274	4.808802	786.260345	0.012513
-0.121769	-0.057375	1.926634	-0.058596	4.976959	4.735252	785.933425	0.020753
-0.218207	-0.077517	1.971496	-0.061037	5.029145	4.788965	784.952665	0.010987
-0.296335	-0.102237	1.908628	-0.029298	5.004425	4.769433	784.298825	0.003357
-0.352184	-0.076601	1.992859	-0.071108	5.058748	4.823756	783.971906	-0.002441
-0.292673	-0.029298	2.068239	-0.019227	5.012360	4.784997	783.971906	0.003052
-0.298471	-0.017090	1.919004	0.011902	5.032807	4.808496	783.971906	0.002441
-0.329600	-0.028077	1.760918	0.064089	5.042573	4.811853	783.971906	-0.000916
-0.443434	-0.007019	1.717277	0.122379	4.990387	4.761193	783.971906	-0.012513
-0.513321	-0.018006	1.601306	0.121464	4.979095	4.752037	784.625745	-0.019837
-0.504471	0.036927	1.670583	0.019227	5.041963	4.807276	785.606505	-0.019227
-0.432447	0.057680	1.638234	-0.014954	5.025788	4.782556	786.587264	-0.012513
-0.516373	0.068056	1.618397	-0.042116	4.975738	4.734947	787.241104	-0.021363
-0.525224	0.098880	1.537523	-0.043641	5.053255	4.812159	788.221864	-0.022279
-0.483413	0.057985	1.498764	0.001526	5.016938	4.770653	789.529543	-0.018616
-0.420850	0.069277	1.380352	-0.024415	5.008087	4.769738	790.510303	-0.012513
-0.496536	0.062258	1.291238	0.001831	4.970550	4.735252	791.164142	-0.020142
-0.495621	0.002747	1.264382	0.022889	5.058443	4.817652	792.144902	-0.020447
-0.466323	0.009766	1.323283	0.022889	5.007477	4.775231	793.125662	-0.017701
-0.485549	0.010987	1.356853	0.123905	5.035859	4.806970	794.106421	-0.020142
-0.556658	-0.013733	1.366008	0.051576	4.994049	4.770959	795.087181	-0.027467
-0.538041	0.001526	1.297952	0.028993	5.102084	4.888150	796.394860	-0.025941
-0.418409	-0.034486	1.445051	0.031739	5.073092	4.868313	797.702540	-0.014039
-0.302744	-0.003357	1.541795	0.045167	5.020600	4.826197	798.356379	-0.002441
-0.362560	-0.007630	1.462447	0.040590	5.045015	4.848476	798.356379	-0.008545
-0.393078	0.000610	1.358684	0.040895	5.034639	4.846644	798.683299	-0.011597
-0.357067	0.022584	1.339457	-0.008240	5.039827	4.858242	799.337139	-0.008240
-0.337230	0.083316	1.341899	0.011597	5.029756	4.861599	799.664059	-0.006104
-0.301828	0.023804	1.466109	0.024415	4.969634	4.795068	799.990979	-0.002441
-0.318003	0.019532	1.528977	0.006714	4.988861	4.810633	799.990979	-0.003967
-0.317087	0.032350	1.581774	-0.046083	5.036470	4.863430	800.317898	-0.003662
-0.249336	0.061647	1.568041	-0.008850	5.007172	4.839625	800.644818	0.003357
-0.264595	0.054628	1.481368	-0.025941	5.026399	4.854884	800.971738	0.001831
-0.331126	0.035096	1.504257	-0.043947	4.997101	4.826807	800.644818	-0.004578
-0.305185	0.019837	1.646168	0.027772	5.050508	4.875637	800.644818	-0.001831
-0.180975	0.006409	1.820124	0.035707	5.026399	4.856716	800.644818	0.010681
-0.162664	-0.043031	1.707816	0.036317	4.987030	4.819483	800.644818	0.013123
-0.076601	-0.033876	1.764580	0.011597	4.963530	4.788965	799.990979	0.022279
-0.107425	-0.080569	1.738639	0.036927	4.997101	4.814905	798.683299	0.019837
-0.288705	-0.079043	1.615650	0.020753	4.971465	4.779504	797.702540	0.002136
-0.249336	-0.045167	1.625416	0.049135	5.035859	4.841151	797.702540	0.006409
-0.227363	-0.017701	1.702628	0.000305	5.042268	4.852443	797.375620	0.008850
-0.269478	0.011292	1.820734	0.043947	5.087741	4.889981	797.048700	0.004578
-0.273446	0.038759	1.778619	-0.020142	5.033418	4.835047	796.721780	0.004273
-0.300607	0.019837	1.422773	-0.038148	4.962004	4.759667	796.394860	0.001526
-0.291452	-0.018006	1.523484	-0.006409	5.064852	4.856716	796.394860	0.002441
-0.403150	-0.019532	1.504563	0.030519	5.065462	4.863430	796.394860	-0.008545
-0.427259	-0.015870	1.472518	0.006409	5.054781	4.853053	796.721780	-0.010987
-0.454421	-0.000916	1.332438	-0.084231	5.054781	4.858547	797.375620	-0.014039
-0.392468	-0.014649	1.314737	-0.095218	5.001679	4.810633	798.029459	-0.007935
-0.341807	-0.057680	1.345561	-0.060121	5.060579	4.864040	798.356379	-0.002747
-0.346385	-0.080569	1.271401	-0.049745	5.047456	4.850612	798.356379	-0.003357
-0.354015	-0.071108	1.375164	-0.022279	5.022126	4.828944	798.356379	-0.004273
-0.424512	-0.029908	1.384625	-0.014344	5.026093	4.839320	798.683299	-0.011597
-0.404981	-0.006714	1.289712	0.049745	5.009308	4.830164	799.337139	-0.009766
-0.232246	0.005799	1.430403	0.082095	5.066378	4.888150	799.990979	0.007324
-0.287179	-0.023804	1.470992	0.093997	5.010834	4.831385	799.664059	0.001831
-0.294504	-0.039979	1.588488	0.071413	5.021516	4.850307	799.664059	0.000916
-0.259407	-0.052492	1.790216	0.059816	4.974822	4.793847	799.664059	0.004578
-0.240181	-0.059511	1.854915	0.000305	5.011750	4.822230	799.337139	0.006714
-0.205390	-0.103153	1.859188	-0.081179	5.032502	4.837184	799.010219	0.010376
-0.200507	-0.114750	1.900388	-0.053407	5.026399	4.829554	798.356379	0.010987
-0.194098	-0.120548	1.769158	-0.027772	4.952849	4.756005	797.702540	0.011902
-0.119633	-0.120243	1.832026	0.003662	5.042573	4.842067	797.048700	0.019532
-0.151982	-0.075076	1.908628	0.009156	4.988556	4.776147	796.067940	0.016480
-0.229499	-0.045167	1.798151	0.042421	5.038606	4.815210	795.087181	0.008545
-0.298471	-0.084841	1.750847	0.068667	4.988250	4.761498	794.760261	0.001831
-0.320750	-0.069277	1.779229	0.012513	5.039521	4.810633	794.760261	-0.000610
-0.404675	0.003357	1.880551	-0.076296	5.022126	4.793847	794.760261	-0.009156
-0.436415	0.007019	1.765191	-0.125431	5.103610	4.865871	794.760261	-0.012513
-0.444349	-0.044252	1.628162	-0.115360	4.988250	4.757836	795.414101	-0.013733
-0.433668	-0.065615	1.545763	-0.132450	5.007477	4.774926	796.067940	-0.012818
-0.375072	-0.082705	1.479232	-0.082095	5.027619	4.803003	796.721780	-0.007324
-0.495010	-0.042726	1.425825	-0.069582	5.055696	4.837489	797.048700	-0.019532
-0.466018	-0.044862	1.484115	-0.059206	5.026093	4.814905	798.029459	-0.017090
-0.426344	-0.010681	1.517075	-0.100711	5.010224	4.802087	799.010219	-0.013123
-0.368969	-0.034486	1.598865	-0.145878	5.012055	4.810327	799.664059	-0.007630
-0.374767	-0.020142	1.564989	-0.109561	4.980621	4.788049	799.990979	-0.008240
-0.413221	0.012207	1.433149	-0.125431	5.061190	4.867702	800.317898	-0.012207
-0.415357	0.007019	1.323283	-0.100406	5.012360	4.820704	800.971738	-0.012513
-0.409253	0.003967	1.254311	-0.080874	5.044099	4.857021	801.625578	-0.011902
-0.526749	0.005493	1.375469	-0.126957	5.029756	4.848476	802.279418	-0.023804
-0.507828	0.020142	1.331217	-0.114139	4.989166	4.813074	803.587097	-0.021973
-0.441298	0.016175	1.407819	-0.118717	5.056001	4.874416	804.567856	-0.015259
-0.467849	0.042726	1.352580	-0.077212	5.012360	4.833827	805.221696	-0.018006
-0.340587	0.042116	1.460311	-0.021668	5.043184	4.865566	805.875536	-0.005493
-0.328684	0.045778	1.441389	-0.050661	4.995270	4.821314	806.856295	-0.004273
-0.276193	0.032044	1.431318	-0.034486	5.027619	4.853053	807.183215	0.000916
-0.166326	0.077822	1.484115	-0.031129	4.963836	4.794763	807.510135	0.012207
-0.126652	0.067751	1.464583	-0.086367	4.994659	4.827418	806.856295	0.016175
-0.212714	0.071413	1.277810	-0.042421	4.938505	4.776147	805.875536	0.007630
-0.216071	0.041810	1.352886	-0.056764	5.006867	4.840846	805.548616	0.007630
-0.198370	0.040590	1.407819	-0.045473	5.023652	4.857021	805.221696	0.009461
-0.213324	0.025941	1.341288	0.011597	4.997101	4.832911	804.567856	0.008240
-0.226447	0.052492	1.316263	0.017090	5.003815	4.839625	804.240937	0.007019
-0.246590	0.046388	1.475265	0.017396	4.963836	4.802393	803.914017	0.004883
-0.305185	0.028382	1.438948	-0.024110	5.074618	4.914090	803.587097	-0.001221
-0.346995	0.029908	1.280862	0.041200	5.063021	4.904630	803.587097	-0.005493
-0.367443	0.003052	1.292459	0.019837	4.932096	4.777367	803.914017	-0.007935
-0.438856	0.012513	1.298257	-0.022584	5.042879	4.886929	804.240937	-0.015259
-0.389416	0.012207	1.297037	-0.045167	5.010834	4.860683	804.894776	-0.010376
-0.376598	0.007630	1.229591	-0.070803	4.954985	4.801172	805.548616	-0.009461
-0.311899	0.020142	1.240577	-0.028993	5.006561	4.853664	806.202456	-0.003052
-0.203558	0.013428	1.383099	0.005493	4.956816	4.801477	806.529376	0.007935
-0.177923	0.032655	1.478622	0.000916	5.059359	4.900662	806.529376	0.010681
-0.191656	0.014649	1.401715	-0.112308	4.954680	4.792016	805.875536	0.009461
-0.254524	0.032350	1.351054	-0.081484	5.042879	4.884487	805.548616	0.003052
-0.267953	0.022279	1.329386	-0.087588	5.012665	4.851527	805.548616	0.001831
-0.232246	0.031434	1.548509	-0.131535	5.028535	4.868007	805.548616	0.005493
-0.247200	-0.001221	1.514634	-0.147404	5.012970	4.857021	805.221696	0.004273
-0.253609	-0.010376	1.590625	-0.075686	4.987945	4.832606	804.894776	0.003967
-0.298776	0.015870	1.651662	-0.050966	5.035554	4.879910	804.567856	-0.000305
-0.120243	0.034791	1.750847	0.062563	5.023652	4.869533	804.567856	0.018006
-0.104678	0.020142	1.656850	0.023194	5.012970	4.857021	803.587097	0.019837
-0.202033	0.051881	1.531724	0.032655	5.042879	4.889065	802.606337	0.010376
-0.298776	0.045778	1.409955	0.014344	4.974212	4.821009	801.952498	0.000916
-0.359203	0.083621	1.459090	0.028077	5.033418	4.874722	801.952498	-0.005188
-0.411390	0.035707	1.325419	-0.026246	5.033723	4.864040	802.279418	-0.010071
-0.493484	0.045473	1.309854	-0.128178	5.016022	4.840846	802.606337	-0.018311
-0.474868	0.063478	1.433760	-0.085452	5.011750	4.845729	803.260177	-0.016480
-0.404065	0.060427	1.351970	-0.120548	4.983673	4.813074	804.240937	-0.009156
-0.339671	0.069277	1.378521	-0.119022	4.964446	4.795373	805.221696	-0.002747
-0.217902	0.050356	1.579333	-0.149541	4.972076	4.805139	805.221696	0.009766
-0.087283	0.041810	1.581469	-0.102847	5.035554	4.868618	804.567856	0.022889
-0.027161	0.031739	1.577197	-0.060121	5.035554	4.870449	803.260177	0.029298
-0.045778	-0.008240	1.598560	-0.066225	4.992523	4.819483	801.625578	0.027772
-0.085452	-0.019227	1.545152	0.011292	5.066683	4.892727	800.317898	0.024110
-0.098880	0.003662	1.583911	0.042726	4.970550	4.797815	799.010219	0.022889
-0.098880	-0.020142	1.647084	0.075991	4.980926	4.805139	797.702540	0.023194
-0.137944	-0.026856	1.544847	0.052492	5.020600	4.830470	796.394860	0.019532
-0.172430	0.006104	1.646168	0.053407	5.050203	4.854274	795.414101	0.016175
-0.112613	0.025330	1.714530	0.062258	5.060579	4.862514	794.433341	0.022279
-0.136418	-0.017396	1.589709	0.013733	5.038911	4.823450	793.125662	0.020142
-0.182196	0.003662	1.575365	0.041200	4.987640	4.768822	792.144902	0.015564
-0.132450	-0.028077	1.573534	0.018921	4.986114	4.763024	791.164142	0.020753
-0.246284	-0.010987	1.642811	0.058901	5.001984	4.772485	790.510303	0.009461
-0.249336	0.006409	1.561632	0.032044	4.995880	4.769433	789.529543	0.008850
-0.313120	0.018006	1.616871	0.035401	4.981536	4.755089	789.202623	0.002441
-0.172430	0.040284	1.615650	0.033570	5.046541	4.821314	789.202623	0.016175
-0.252693	0.027772	1.747795	-0.032044	4.979705	4.765465	788.221864	0.008240
-0.349742	0.030824	1.716361	-0.021973	5.008698	4.788354	787.894944	-0.001526
-0.280160	0.042421	1.651357	-0.034181	5.028840	4.807276	787.894944	0.005493
-0.264901	0.111393	1.787469	0.032350	4.961699	4.756005	787.568024	0.007019
-0.187689	0.156865	1.763665	0.014954	4.999542	4.792016	787.241104	0.014649
-0.118412	0.176397	1.757256	-0.046693	4.979400	4.777062	786.587264	0.021973
-0.201117	0.122379	1.783197	-0.014344	5.022431	4.811853	785.606505	0.013733
-0.192267	0.088504	1.720939	0.039369	4.990997	4.786828	784.952665	0.014649
-0.206305	0.096438	1.738945	0.075381	5.010224	4.807276	784.298825	0.013733
-0.177923	0.034181	1.864681	0.011902	5.009308	4.803613	783.644986	0.016785
-0.312510	0.057985	1.836909	-0.008240	5.037690	4.842067	782.664226	0.003357
-0.256966	0.070803	1.826228	-0.029603	5.052950	4.860378	782.337306	0.008850
-0.350047	0.073855	1.671804	-0.038453	4.973296	4.795679	782.010386	-0.000305
-0.284127	0.082705	1.671804	-0.136418	4.989471	4.804224	782.010386	0.006409
-0.352794	0.080569	1.653798	-0.112613	5.068209	4.873196	782.010386	-0.000305
-0.523392	0.093692	1.474654	-0.046083	5.084384	4.894864	782.010386	-0.017701
-0.537736	0.049440	1.560411	-0.038148	5.054476	4.858852	782.010386	-0.019227
-0.689108	0.046388	1.530198	-0.087588	5.037385	4.835047	782.991146	-0.034791
-0.872219	0.033876	1.518601	-0.054323	5.007782	4.793847	784.952665	-0.053713
-0.870693	0.011902	1.648610	0.005799	4.980926	4.746239	787.894944	-0.054323
-0.753502	-0.036622	1.502121	0.054628	5.087741	4.845119	790.837223	-0.043031
-0.572527	-0.025025	1.360515	-0.012513	5.031587	4.804529	793.125662	-0.025330
-0.420545	-0.017701	1.400800	0.001526	5.005341	4.799036	794.433341	-0.010376
-0.404675	-0.053102	1.453902	-0.010071	5.022736	4.815516	795.087181	-0.008850
-0.405896	-0.057070	1.463363	-0.001221	5.017548	4.813074	795.414101	-0.009461
-0.488601	-0.066225	1.384014	-0.066225	5.028840	4.823145	795.741020	-0.018006
-0.399182	-0.061037	1.604358	0.006409	5.026704	4.828944	796.721780	-0.009156
-0.421766	-0.055544	1.738029	-0.052797	5.017548	4.828333	797.048700	-0.011597
-0.325632	-0.045778	1.725517	-0.086673	5.040742	4.854579	797.702540	-0.002136
-0.274361	-0.039064	1.511582	-0.077517	5.087130	4.906766	798.356379	0.003357
-0.264595	-0.014954	1.491134	-0.054018	5.056001	4.882656	798.356379	0.004273
-0.154118	-0.002747	1.466109	-0.060121	5.012970	4.839625	798.029459	0.015870
-0.235908	-0.001526	1.546678	-0.107730	4.970244	4.793237	797.375620	0.007630
-0.205695	0.014039	1.570177	-0.079958	5.031281	4.851222	797.048700	0.010987
-0.133366	0.023194	1.586352	-0.071108	5.037690	4.852443	796.394860	0.018616
-0.007324	0.001221	1.643422	0.023804	4.981841	4.785607	795.414101	0.031739
-0.079043	0.032350	1.659291	0.022584	5.026704	4.828333	793.779501	0.024720
-0.072939	0.044557	1.727348	-0.004883	5.009613	4.798730	792.471822	0.025636
-0.045778	0.068056	1.776177	0.011292	5.018769	4.802087	791.164142	0.028687
-0.130009	0.063478	1.752983	-0.026551	5.047761	4.823450	789.529543	0.020753
-0.279244	0.050661	1.772210	0.010681	4.984283	4.757225	788.548784	0.005799
-0.295724	0.026551	1.713919	-0.053102	5.029450	4.799341	788.221864	0.004273
-0.243843	0.038148	1.763359	-0.082705	5.020905	4.795373	787.894944	0.009766
-0.260018	0.032655	1.826533	-0.047609	5.008698	4.784082	787.241104	0.008240
-0.311289	-0.039369	1.566210	0.045167	5.012055	4.788354	786.914184	0.003357
-0.325022	-0.062563	1.594287	0.045473	4.962920	4.741050	786.587264	0.002136
-0.433973	-0.006104	1.609546	0.090030	4.981231	4.760887	786.260345	-0.008850
-0.427259	0.021668	1.603748	0.033570	4.985809	4.765160	786.260345	-0.008240
-0.452589	0.009156	1.611072	0.021058	4.929350	4.713584	786.587264	-0.010987
-0.460219	-0.008545	1.680349	-0.005493	5.030976	4.803613	787.241104	-0.011902
-0.411390	-0.051576	1.671499	-0.064699	4.998932	4.769738	787.894944	-0.007324
-0.335704	-0.015870	1.647389	0.028077	5.056917	4.823450	788.221864	0.000000
-0.274361	-0.024720	1.626331	-0.013123	5.054476	4.815821	788.221864	0.006104
-0.328074	-0.054323	1.730399	-0.062868	4.972381	4.735557	787.894944	0.000610
-0.274972	-0.075991	1.709952	-0.034181	4.994354	4.755699	787.894944	0.005799
-0.331736	-0.037843	1.746269	0.002747	5.032807	4.790490	787.568024	0.000000
-0.308847	0.002441	1.709037	-0.136113	4.994964	4.758141	787.568024	0.002441
-0.292978	0.015564	1.635182	-0.108036	5.023652	4.782861	787.568024	0.003967
-0.314951	0.016175	1.498459	-0.033570	4.978179	4.741661	787.241104	0.001831
-0.281686	0.023804	1.529283	-0.010987	4.982757	4.749901	787.241104	0.005188
-0.196844	0.011902	1.732536	-0.028077	5.002899	4.773400	786.914184	0.013733
-0.148625	0.024720	1.807917	-0.081179	5.044099	4.814295	786.260345	0.018921
-0.183721	-0.001221	1.713614	-0.081790	4.988556	4.766076	785.279585	0.015564
-0.311289	0.015564	1.717887	-0.068972	5.014191	4.794153	784.625745	0.002747
-0.413221	0.057680	1.806696	-0.082095	5.019990	4.804834	784.625745	-0.007630
-0.338145	0.021058	1.971191	-0.015259	5.029756	4.806970	784.625745	-0.000305
-0.271004	0.017701	1.949828	-0.003967	4.995880	4.773400	784.625745	0.006409
-0.227363	-0.019837	1.949828	-0.034791	5.011444	4.782250	784.625745	0.010681
-0.264595	-0.017701	1.919004	-0.072939	4.997101	4.772485	783.971906	0.007019
-0.278939	-0.003357	1.885434	-0.039979	4.976348	4.756310	783.644986	0.005493
-0.361950	0.021668	1.781060	-0.037843	4.995270	4.782861	783.318066	-0.002747
-0.521561	0.074465	1.747185	-0.007324	4.955901	4.743187	783.318066	-0.018921
-0.511185	0.098575	1.628773	-0.055544	4.975738	4.754479	784.298825	-0.018311
-0.643330	0.079348	1.579028	-0.117801	5.029450	4.795373	785.279585	-0.032044
-0.666219	0.077517	1.541795	-0.092166	4.977874	4.734031	786.914184	-0.034791
-0.639058	0.095828	1.413007	-0.109867	5.007172	4.753868	788.875703	-0.032655
-0.492264	0.073550	1.513108	-0.059816	4.985199	4.735252	790.510303	-0.018006
-0.500198	0.046693	1.646474	-0.066225	5.098117	4.839015	791.491062	-0.018921
-0.441908	0.020142	1.536302	-0.071413	4.988556	4.737388	792.471822	-0.013123
-0.448012	0.047609	1.506394	-0.095523	4.949492	4.712363	793.125662	-0.013733
-0.539262	0.030519	1.477096	-0.051271	5.062716	4.827113	793.779501	-0.022889
-0.639363	-0.010376	1.309549	-0.010376	5.066988	4.831080	795.087181	-0.033265
-0.639668	-0.004578	1.248207	-0.027772	5.020295	4.803003	796.721780	-0.033570
-0.634175	-0.019532	1.100192	-0.046083	5.131382	4.920194	798.356379	-0.033265
-0.644246	-0.043336	1.204260	-0.064394	5.055696	4.858547	799.990979	-0.034791
-0.619221	-0.059206	1.117893	-0.034181	5.028230	4.836879	801.952498	-0.032960
-0.476394	-0.065615	1.261635	-0.059206	5.014801	4.828944	803.587097	-0.019227
-0.479446	-0.060427	1.348613	-0.099185	4.993133	4.800562	804.567856	-0.019837
-0.429701	-0.064089	1.326640	-0.126957	5.038911	4.842677	805.548616	-0.015259
-0.424818	-0.083316	1.366619	-0.098575	5.080111	4.878689	806.202456	-0.014954
-0.418714	-0.055544	1.369366	-0.145878	5.048067	4.842067	806.856295	-0.014649
-0.359203	-0.056764	1.416364	-0.158391	5.038606	4.829859	807.510135	-0.008850
-0.358287	-0.074465	1.431928	-0.075076	5.025483	4.817652	807.837055	-0.009156
-0.362865	-0.077212	1.471603	-0.021973	5.006256	4.798425	808.163975	-0.009766
-0.353710	-0.091556	1.513413	0.000305	5.099033	4.885098	808.817815	-0.009156
-0.277108	-0.092166	1.539048	-0.040895	5.064241	4.847560	809.144734	-0.001526
-0.241707	-0.062868	1.519822	-0.071413	5.010224	4.797205	809.144734	0.002136
-0.223701	-0.037233	1.582080	-0.009156	5.028840	4.815821	809.144734	0.003967
-0.243233	-0.006714	1.599780	-0.057985	4.990387	4.782556	808.817815	0.001831
-0.302133	0.018311	1.532334	-0.060121	5.027314	4.827418	808.490895	-0.003967
-0.246895	0.019837	1.586352	-0.024110	4.957427	4.753563	808.490895	0.001526
-0.314035	0.018006	1.507920	-0.004883	5.060884	4.856716	808.490895	-0.005188
-0.241707	-0.010681	1.593371	-0.001831	4.995575	4.798120	808.490895	0.002136
-0.216376	-0.036012	1.737114	-0.019532	5.008087	4.803919	808.490895	0.004578
-0.193487	-0.068361	1.571398	-0.054628	4.998016	4.794153	808.490895	0.007019
-0.175787	-0.094913	1.675771	-0.065004	5.031281	4.824671	808.163975	0.008545
-0.165716	-0.078127	1.684622	-0.085452	5.025483	4.814600	807.837055	0.009766
-0.278024	-0.071718	1.637013	-0.031739	5.073702	4.864040	807.183215	-0.001526
-0.397656	-0.073855	1.637623	-0.016785	5.066378	4.852138	807.183215	-0.013733
-0.281075	-0.073855	1.652577	-0.032960	5.034333	4.827418	807.837055	-0.002136
-0.261849	-0.093692	1.684011	-0.003967	5.026399	4.815821	807.837055	-0.000305
-0.307321	-0.131535	1.758171	-0.013428	4.965972	4.755699	807.837055	-0.004883
-0.286569	-0.149541	1.809442	-0.037538	5.062105	4.844508	808.163975	-0.002747
-0.262154	-0.131840	1.740471	-0.072634	5.036164	4.818567	808.163975	-0.000305
-0.267342	-0.135502	1.759392	-0.087588	5.026399	4.810938	808.163975	-0.000610
-0.331126	-0.139470	1.650136	-0.116276	5.034028	4.819178	808.163975	-0.007019
-0.346385	-0.150456	1.567431	-0.104678	5.091708	4.874416	808.490895	-0.008240
-0.363781	-0.149846	1.560411	-0.106510	5.030671	4.812464	808.817815	-0.009766
-0.408338	-0.129704	1.468551	-0.071413	5.055391	4.839320	809.471654	-0.013733
-0.374462	-0.122074	1.481063	-0.069887	5.000153	4.781335	810.125494	-0.009766
-0.388195	-0.108341	1.442000	-0.136113	5.052644	4.824976	810.779334	-0.010681
-0.462966	-0.082705	1.266518	-0.080264	5.031281	4.808802	811.433173	-0.018006
-0.499283	-0.073244	1.227454	-0.142827	5.032502	4.804224	812.087013	-0.021973
-0.386364	-0.070193	1.174657	-0.117191	5.002289	4.775842	813.067773	-0.010376
-0.321055	-0.034486	1.330912	-0.087283	4.974212	4.748375	813.721612	-0.003967
-0.384838	-0.055239	1.303446	-0.139164	5.144200	4.911039	814.048532	-0.010071
-0.458693	-0.089724	1.230201	-0.099490	5.027924	4.801782	814.702372	-0.017701
-0.304270	-0.101932	1.253090	-0.054628	5.005341	4.775231	815.683132	-0.002136
-0.275582	-0.101321	1.345561	-0.013123	5.034639	4.803613	815.683132	0.000916
-0.247505	-0.119938	1.169774	-0.038453	4.969634	4.740135	815.683132	0.003662
-0.225227	-0.074770	1.292764	-0.017701	5.055696	4.830470	815.356212	0.006104
-0.262459	-0.031434	1.262551	-0.010681	5.049287	4.824366	815.029292	0.002136
-0.289010	-0.086673	1.445357	0.036927	4.955290	4.738609	815.029292	-0.000610
-0.262154	-0.065920	1.347392	0.058596	5.027619	4.809107	815.029292	0.002136
-0.242622	-0.078738	1.359294	0.027161	5.078280	4.858852	815.029292	0.003967
-0.242927	-0.127873	1.421552	0.042421	4.994049	4.780114	814.702372	0.003662
-0.127567	-0.081790	1.454512	-0.069887	5.031892	4.812159	814.375452	0.015259
-0.071413	-0.095218	1.447188	-0.140690	5.071566	4.852443	813.721612	0.020753
-0.183416	-0.120853	1.385235	-0.188910	5.045625	4.825892	813.067773	0.009461
-0.203864	-0.102237	1.434980	-0.137638	5.083468	4.870449	812.087013	0.007324
-0.219123	-0.059816	1.370891	-0.128788	5.012665	4.804224	811.760093	0.005799
-0.167852	-0.059511	1.398968	-0.174566	4.972991	4.773095	811.433173	0.010987
-0.121158	-0.042116	1.304971	-0.145268	5.053560	4.856716	810.779334	0.015870
-0.108646	-0.019532	1.351665	-0.099796	5.068514	4.873501	809.798574	0.017396
-0.115970	0.017396	1.560106	-0.046388	5.073702	4.887234	808.817815	0.016785
-0.224006	-0.003967	1.632130	-0.034486	5.036470	4.854884	807.837055	0.006104
-0.224006	0.029603	1.647389	-0.015870	5.040437	4.854274	807.510135	0.006104
-0.288095	0.025941	1.629994	0.074160	4.993744	4.815821	807.183215	0.000000
-0.383923	-0.004273	1.687368	0.019227	5.017853	4.839625	807.183215	-0.009461
-0.196539	-0.016785	1.726737	0.004578	5.016327	4.831996	807.837055	0.009461
-0.193182	-0.039369	1.673025	-0.030824	5.000763	4.811853	807.510135	0.010071
-0.173650	-0.009461	1.678518	0.014954	5.069124	4.883572	806.856295	0.012207
-0.295724	-0.007935	1.660207	-0.039979	5.008087	4.831385	806.202456	0.000000
-0.314646	-0.000916	1.669973	0.009156	5.054170	4.877468	806.202456	-0.002136
-0.295114	-0.020142	1.708426	0.044557	5.001373	4.824671	806.202456	0.000000
-0.229804	-0.003357	1.869564	0.048524	5.010529	4.837489	806.202456	0.006714
-0.132145	-0.033265	1.964171	0.014039	5.058138	4.882046	805.875536	0.016480
-0.046999	-0.044252	1.966613	0.026856	5.068209	4.893643	804.894776	0.025330
-0.118717	-0.015564	1.915952	-0.056154	5.076754	4.910733	803.587097	0.018311
-0.138859	0.007019	1.982788	0.081484	5.000458	4.833216	802.606337	0.016480
-0.094302	0.017396	1.947386	0.040590	5.082553	4.916837	801.625578	0.021058
-0.300913	0.059206	1.908933	0.078433	5.030366	4.870754	800.644818	0.000305
-0.273141	0.013428	1.808832	-0.001831	5.002289	4.837184	800.644818	0.002747
-0.285958	-0.027161	1.856441	0.015564	5.074007	4.900967	800.644818	0.001526
-0.287179	-0.013428	1.766717	-0.013428	5.024262	4.851222	800.644818	0.001526
-0.264290	-0.006104	1.772820	-0.060427	5.038606	4.870449	800.644818	0.003967
-0.299692	0.002441	1.615955	-0.079348	5.030671	4.863430	800.317898	0.000305
-0.372326	-0.003967	1.527146	-0.072939	5.059359	4.887234	800.317898	-0.007019
-0.324107	0.041810	1.626026	-0.091861	5.049593	4.874722	800.644818	-0.002136
-0.272530	0.039674	1.599170	-0.096438	4.995575	4.826807	800.644818	0.003052
-0.328074	0.014649	1.662648	-0.051576	5.025483	4.852138	800.644818	-0.002441
-0.295419	-0.023194	1.635182	0.008850	5.011444	4.843287	800.644818	0.000916
-0.224921	-0.046388	1.841182	0.015870	5.034944	4.863124	800.644818	0.008240
-0.180670	-0.047304	1.997436	0.051576	5.014191	4.839625	800.317898	0.013123
-0.198981	-0.081179	1.975463	0.018921	5.043489	4.861599	799.664059	0.011902
-0.218207	-0.043947	1.858272	0.083621	5.024262	4.842982	799.010219	0.010376
-0.141606	-0.018006	1.822260	0.054933	5.070650	4.880520	798.356379	0.018311
-0.240486	-0.014344	1.759087	0.032350	5.079196	4.882351	797.375620	0.008545
-0.344554	-0.036012	1.707205	-0.060427	5.013886	4.819788	797.048700	-0.001526
-0.377514	-0.042116	1.799066	-0.042421	4.995880	4.800562	797.048700	-0.004883
-0.373852	-0.051271	1.663259	-0.093692	5.012970	4.817042	797.375620	-0.004273
-0.367748	-0.054933	1.511582	-0.074770	5.050203	4.856716	797.702540	-0.003357
-0.387585	-0.040284	1.518296	-0.060427	5.029145	4.844813	798.029459	-0.005188
-0.352794	-0.022584	1.604358	-0.027161	5.077975	4.894864	798.356379	-0.001526
-0.296640	-0.040590	1.676687	-0.088198	5.024262	4.840541	798.356379	0.004578
-0.310373	-0.065920	1.537828	-0.136723	5.053255	4.860073	798.029459	0.003357
-0.214240	-0.054933	1.626637	-0.201422	5.101779	4.908292	797.702540	0.013428
-0.173040	-0.097049	1.800592	-0.188604	4.994354	4.793847	797.048700	0.017701
-0.131535	-0.065615	1.725517	-0.115055	5.086215	4.881130	796.067940	0.022279
-0.259713	-0.101321	1.662038	-0.133366	5.089877	4.870144	794.760261	0.009461
-0.226753	-0.102237	1.818903	-0.151067	5.063631	4.841151	794.106421	0.013123
-0.213630	-0.075381	1.761834	-0.112308	4.983673	4.765160	793.452581	0.014344
-0.245369	-0.064394	1.585131	-0.114750	5.030061	4.803003	792.798742	0.011292
-0.314951	-0.032044	1.622059	-0.069277	5.012360	4.787133	792.144902	0.004578
-0.249947	-0.016175	1.607105	-0.038148	4.983367	4.758446	791.491062	0.010987
-0.292367	-0.044557	1.619312	-0.082400	5.061190	4.834132	791.164142	0.006714
-0.326243	-0.064699	1.616871	-0.101932	5.026399	4.797205	790.837223	0.003357
-0.426649	-0.066530	1.467940	-0.073855	5.028230	4.793847	790.510303	-0.006714
-0.376598	-0.050661	1.629688	-0.048830	5.001373	4.771264	790.837223	-0.001831
-0.430006	0.005188	1.680654	-0.052187	5.010224	4.781640	790.837223	-0.007324
-0.463576	-0.016785	1.622059	-0.056459	5.033723	4.797205	791.164142	-0.010987
-0.552080	-0.039674	1.644032	-0.075381	4.997711	4.766686	791.817982	-0.020142
-0.636006	-0.015870	1.538743	-0.096133	4.963530	4.737083	792.798742	-0.028993
-0.658589	0.000916	1.521348	-0.050050	5.054476	4.839015	794.433341	-0.031739
-0.625019	0.004273	1.578722	-0.016175	5.041353	4.837794	796.067940	-0.028687
-0.604877	0.006104	1.573534	-0.060427	5.052339	4.861904	797.702540	-0.027161
-0.589923	0.017090	1.598254	-0.041505	5.035554	4.852138	799.010219	-0.025941
-0.531022	-0.024720	1.635487	-0.008545	5.052644	4.876858	800.317898	-0.020447
-0.439772	-0.022584	1.770379	-0.018921	5.002899	4.828944	801.625578	-0.011292
-0.283212	-0.017396	1.752068	-0.004273	5.010224	4.838710	802.606337	0.004273
-0.300913	-0.028077	1.731925	-0.081790	5.019379	4.849391	803.260177	0.002441
-0.290536	-0.045167	1.780755	-0.066530	4.968719	4.804529	802.933257	0.003662
-0.210578	-0.076907	1.690420	-0.047304	5.011139	4.837489	802.606337	0.011597
-0.175176	-0.068667	1.760002	-0.035707	5.079196	4.904324	801.952498	0.015259
-0.209662	-0.139470	1.786859	0.072024	5.004730	4.825587	801.298658	0.011902
-0.250557	-0.161138	1.604968	0.121158	5.029450	4.839930	800.644818	0.007935
-0.279244	-0.132450	1.631520	0.033876	5.015107	4.823756	800.317898	0.005188
-0.271920	-0.158391	1.802118	-0.063478	5.004730	4.808496	799.990979	0.005799
-0.319224	-0.133976	1.705679	0.014649	5.082247	4.886929	799.664059	0.001221
-0.335398	-0.137944	1.743828	-0.069582	5.036164	4.840236	799.664059	-0.000305
-0.385449	-0.130314	1.751762	-0.150761	5.034028	4.833216	799.664059	-0.005188
-0.423902	-0.113529	1.518906	-0.159001	5.028230	4.831996	799.990979	-0.009156
-0.485549	-0.069887	1.519211	-0.080264	5.044710	4.851222	800.317898	-0.015259
-0.410169	-0.063784	1.659597	0.023499	5.048982	4.861293	800.971738	-0.007630
-0.383007	-0.034486	1.717887	-0.013123	4.945830	4.760582	801.298658	-0.005188
-0.348827	0.007019	1.688894	-0.044252	5.040742	4.858852	801.625578	-0.001526
-0.296030	-0.005799	1.616260	-0.027467	5.035249	4.843898	801.625578	0.003662
-0.314341	-0.009461	1.592761	-0.029908	5.018464	4.829554	801.625578	0.001831
-0.330821	-0.022279	1.470992	0.025025	4.992218	4.806665	801.625578	0.000305
-0.306711	0.019532	1.696524	0.024720	5.058748	4.872280	801.625578	0.002747
-0.182806	-0.024720	1.845759	0.051271	5.032197	4.856105	801.625578	0.014954
-0.228584	-0.023194	1.771905	0.013733	5.072481	4.887234	800.971738	0.010376
-0.028077	-0.023804	1.810663	-0.003662	5.035249	4.848781	800.317898	0.030824
-0.093387	-0.005799	1.863765	-0.043031	5.023041	4.825587	798.683299	0.024415
-0.126041	-0.010681	1.785028	-0.055239	5.086215	4.871364	797.375620	0.021363
-0.172430	0.019227	1.773736	-0.040590	4.974212	4.757836	796.394860	0.016785
-0.176092	0.023804	1.668752	-0.028993	4.990081	4.765465	795.414101	0.016175
-0.152898	-0.026856	1.833247	-0.018311	5.006867	4.767296	794.433341	0.018616
-0.161443	-0.042726	1.829279	-0.093692	5.067904	4.816736	793.452581	0.017701
-0.165716	-0.050661	1.929991	-0.086062	5.071261	4.817042	792.471822	0.017396
-0.259102	-0.022889	1.799677	-0.150761	4.997711	4.744713	791.491062	0.007935
-0.262764	-0.003357	1.704154	-0.115055	5.092624	4.831385	791.164142	0.007630
-0.321970	0.015259	1.652577	-0.071108	4.985199	4.729759	790.837223	0.001526
-0.400708	0.012818	1.554003	-0.151677	5.089877	4.834437	790.837223	-0.006714
-0.355541	0.024720	1.633656	-0.169988	5.049898	4.793847	790.837223	-0.002441
-0.297555	0.048524	1.564989	-0.093997	5.028535	4.775536	790.837223	0.003357
-0.338145	0.010376	1.571703	-0.143132	5.043794	4.783776	790.837223	-0.000916
-0.403760	-0.001221	1.529283	-0.075076	5.022431	4.769127	790.837223	-0.007630
-0.481887	0.002136	1.368450	-0.068667	5.024262	4.780114	791.164142	-0.015564
-0.438856	-0.000610	1.449934	-0.004578	5.042879	4.791711	791.817982	-0.011597
-0.368969	-0.024110	1.482589	0.053102	5.055086	4.807276	792.471822	-0.004578
-0.450758	-0.048219	1.624500	0.125736	5.047151	4.803919	792.798742	-0.013123
-0.433668	-0.029908	1.619922	0.050661	5.056917	4.816736	793.452581	-0.011597
-0.326853	-0.013733	1.624195	0.029908	5.007477	4.777978	794.106421	-0.000916
-0.387890	-0.005799	1.644948	0.016175	5.021821	4.789880	794.106421	-0.007019
-0.294198	0.024110	1.720939	-0.034486	4.970550	4.750816	794.433341	0.002136
-0.334483	-0.029603	1.734367	-0.131230	5.016022	4.784387	794.433341	-0.002136
-0.320750	-0.032350	1.691641	-0.184637	5.062105	4.831996	794.433341	-0.000916
-0.185553	-0.048830	1.773431	-0.160222	5.019074	4.791101	794.433341	0.012513
-0.113529	-0.089419	1.756645	-0.121769	5.045625	4.810938	793.779501	0.019837
-0.110172	-0.062868	1.704154	-0.135197	5.026704	4.788659	792.798742	0.020142
-0.154118	-0.098575	1.722770	-0.171514	5.072176	4.828333	791.817982	0.015870
-0.202643	-0.087893	1.683706	-0.065615	5.004425	4.752953	790.837223	0.010987
-0.274361	-0.069277	1.766106	-0.115665	4.990081	4.734642	790.183383	0.003967
-0.305490	-0.026551	1.765496	-0.112003	5.009308	4.751732	789.856463	0.000916
-0.300607	-0.023499	1.842708	-0.088504	5.041963	4.783471	789.856463	0.001221
-0.384838	-0.001526	1.784112	-0.109256	5.089572	4.824671	789.856463	-0.007324
-0.388501	0.059816	1.762444	-0.054018	5.041353	4.782556	790.183383	-0.007630
-0.441298	0.043641	1.782586	-0.138554	5.069430	4.808802	790.510303	-0.013123
-0.461745	0.017701	1.826228	-0.133061	5.015412	4.763329	791.164142	-0.015259
-0.301218	0.031434	1.914731	-0.154424	5.062716	4.819483	791.817982	0.000916
-0.259407	0.028382	1.865596	-0.112003	5.025178	4.783471	791.817982	0.004883
-0.350352	-0.014039	1.795709	-0.020447	5.026399	4.777062	791.491062	-0.004273
-0.429090	-0.010071	1.746269	0.039674	4.959868	4.713889	791.817982	-0.012207
-0.394299	-0.003967	1.625111	0.111393	5.003510	4.766381	792.471822	-0.009156
-0.459609	-0.030824	1.855831	0.120243	5.064241	4.821924	792.798742	-0.015870
-0.470290	-0.029298	1.680654	0.056459	5.056307	4.822535	793.779501	-0.017090
-0.459304	-0.040590	1.622669	0.006714	5.010834	4.788659	794.760261	-0.016480
-0.464187	-0.050966	1.580248	-0.025941	5.017853	4.803613	795.741020	-0.017090
-0.441603	-0.051271	1.596118	0.017701	5.052950	4.843593	796.721780	-0.014649
-0.420850	-0.021668	1.732536	-0.024110	5.066073	4.861904	797.375620	-0.012818
-0.411084	-0.060732	1.648000	0.008240	5.059969	4.857936	798.029459	-0.011902
-0.449538	-0.075686	1.501511	-0.050661	4.990081	4.787744	798.683299	-0.015564
-0.446181	-0.072329	1.529893	0.000305	4.983367	4.789270	799.337139	-0.015564
-0.488296	-0.065004	1.476485	-0.025941	5.034944	4.839320	799.990979	-0.019837
-0.421461	-0.064394	1.485946	0.027161	4.999542	4.807886	800.971738	-0.013428
-0.388501	-0.036317	1.429182	0.037843	5.048067	4.859767	801.625578	-0.010071
-0.360729	-0.037538	1.457564	0.016480	5.025483	4.838404	802.279418	-0.007630
-0.448012	0.001221	1.359294	-0.024720	5.034639	4.847255	802.606337	-0.016480
-0.417493	0.015259	1.480453	-0.066836	5.006867	4.827418	803.587097	-0.013733
-0.408948	0.009461	1.461226	-0.059816	5.004730	4.824061	804.240937	-0.013123
-0.427870	0.013428	1.387982	-0.022279	4.990081	4.807886	804.894776	-0.015259
-0.455336	-0.016480	1.360515	-0.084841	5.062105	4.868313	805.548616	-0.018006
-0.498672	-0.020753	1.373333	-0.110782	5.034639	4.834437	806.529376	-0.022584
-0.538041	0.037843	1.372112	-0.107730	5.001984	4.806360	807.510135	-0.026856
-0.437941	0.096744	1.440168	-0.089419	5.073702	4.871670	808.817815	-0.017090
-0.307016	0.084841	1.404157	-0.046999	4.988861	4.785607	810.125494	-0.003967
-0.206305	0.108646	1.525925	-0.048524	5.009003	4.797510	811.106254	0.006409
-0.244453	0.081179	1.444441	-0.058596	5.043489	4.831385	810.779334	0.002747
-0.185553	0.081790	1.514939	-0.010071	4.980621	4.777062	810.779334	0.008850
-0.169378	0.101321	1.541490	0.010376	5.036470	4.830775	810.452414	0.010681
-0.175176	0.089114	1.591540	-0.055239	5.051729	4.842372	809.798574	0.010681
-0.214850	0.056459	1.547288	-0.035096	5.042879	4.829554	809.144734	0.007019
-0.225227	0.050966	1.526841	-0.015870	5.021516	4.808802	808.817815	0.006409
-0.138249	0.043336	1.743828	-0.029908	5.012665	4.803308	808.490895	0.015564
-0.163884	0.040590	1.709647	-0.037843	5.014496	4.810938	807.837055	0.013428
-0.077517	0.029298	1.803339	-0.048830	5.045930	4.844203	807.183215	0.022584
-0.009461	0.000916	1.788385	-0.033570	5.045930	4.844508	805.875536	0.029908
-0.001221	0.050356	1.839961	0.001221	5.057833	4.865261	804.240937	0.031129
0.052187	0.035401	1.869564	-0.107425	5.026399	4.832911	802.606337	0.036927
0.028077	0.010987	1.826228	-0.154729	4.986419	4.783471	800.971738	0.034791
-0.049745	-0.047304	1.857356	-0.167547	5.094760	4.874416	799.010219	0.027161
-0.083926	-0.037843	1.937010	-0.105899	5.002899	4.776757	797.048700	0.024110
-0.042116	-0.058596	1.993469	-0.085757	4.992523	4.756310	795.741020	0.028382
-0.122379	-0.047609	1.956847	-0.071413	5.043794	4.796289	794.433341	0.020447
-0.250862	-0.065615	1.887265	-0.054933	4.985199	4.735252	793.452581	0.007630
-0.261849	-0.121158	1.749626	-0.050966	5.045625	4.791101	793.125662	0.006409
-0.378735	-0.083621	1.771294	-0.172124	5.006256	4.752342	792.798742	-0.005493
-0.357677	-0.119022	1.700186	-0.126041	5.021516	4.766991	793.125662	-0.003357
-0.325632	-0.126652	1.611682	-0.027161	5.022736	4.770653	793.452581	0.000000
-0.334483	-0.117801	1.733146	-0.054933	5.011750	4.761193	793.452581	-0.000916
-0.387890	-0.114139	1.592456	-0.028382	5.081027	4.830775	793.452581	-0.006104
-0.332347	-0.115360	1.615955	-0.016175	5.024262	4.780725	793.779501	-0.000610
-0.303659	-0.082705	1.633045	-0.015564	5.037996	4.792627	793.779501	0.002441
-0.214240	-0.070498	1.730399	0.061647	5.071566	4.828944	793.779501	0.011597
-0.273141	-0.038453	1.795709	0.084536	5.027314	4.780419	793.125662	0.005799
-0.308237	-0.009766	1.814020	0.033265	4.998627	4.753868	792.798742	0.002136
-0.532548	-0.048830	1.702017	0.054018	5.048067	4.801477	792.798742	-0.020447
-0.521561	-0.077517	1.704764	0.069887	5.013886	4.764855	792.798742	-0.019532
-0.448012	-0.055239	1.683706	0.052797	5.053255	4.813074	793.779501	-0.012207
-0.412915	-0.052187	1.698660	0.045167	5.037080	4.809412	794.433341	-0.009156
-0.355541	-0.085757	1.764275	-0.044862	5.048067	4.821314	794.760261	-0.003357
-0.218207	-0.094913	1.743217	-0.065615	5.003510	4.785302	795.087181	0.010071
-0.238350	-0.096744	1.723991	-0.065004	4.975433	4.750206	794.433341	0.007935
-0.332957	-0.136723	1.601001	-0.111087	5.013886	4.778283	794.106421	-0.001831
-0.421155	-0.090945	1.550645	-0.097964	4.973601	4.745018	794.106421	-0.010681
-0.382092	-0.086673	1.549425	-0.046083	5.035554	4.813684	794.760261	-0.007019
-0.449538	-0.073244	1.492660	-0.045473	5.017548	4.792932	795.087181	-0.014039
-0.479141	-0.070498	1.443831	-0.039674	5.023347	4.803613	795.741020	-0.017396
-0.512101	-0.054933	1.472518	-0.071108	4.989471	4.780114	796.721780	-0.021058
-0.530107	-0.081484	1.389203	-0.000305	5.031587	4.832301	797.702540	-0.023194
-0.588397	-0.113834	1.277200	-0.017090	5.003815	4.815821	799.010219	-0.029298
-0.621967	-0.095218	1.334269	0.030213	5.056307	4.873501	800.644818	-0.032960
-0.642415	-0.078127	1.318705	0.066836	5.017243	4.842982	802.279418	-0.035096
-0.572222	-0.080874	1.343425	-0.000305	5.098117	4.918058	804.240937	-0.028382
-0.542619	-0.082095	1.288186	0.063478	5.007782	4.828639	805.548616	-0.025636
-0.473342	-0.065615	1.328166	0.049135	5.017243	4.834437	806.856295	-0.018921
-0.395825	-0.065004	1.469161	-0.041505	5.021516	4.838404	807.837055	-0.010987
-0.373547	-0.030213	1.474960	0.051576	5.016327	4.835047	808.490895	-0.008850
-0.298471	-0.021058	1.614429	0.025636	5.035554	4.845729	808.817815	-0.001221
-0.215766	-0.032960	1.530503	0.096744	5.038301	4.848781	808.817815	0.007324
-0.279855	-0.025025	1.471603	0.090335	4.990081	4.807581	808.490895	0.000916
-0.292062	-0.032655	1.624805	0.096744	5.055086	4.866787	808.490895	0.000000
-0.199591	-0.050661	1.763970	0.021668	4.981231	4.797510	808.490895	0.009461
-0.065615	-0.034791	1.915952	-0.029908	4.974822	4.793237	808.163975	0.023194
-0.065004	-0.034791	1.736503	-0.062563	5.030061	4.844508	806.856295	0.023194
-0.151982	0.000610	1.668142	-0.029298	5.038301	4.858547	805.548616	0.014954
-0.153813	0.011597	1.634266	-0.025941	5.075533	4.900967	804.894776	0.014954
-0.167852	-0.026551	1.808527	0.014039	5.066073	4.891202	804.240937	0.013428
-0.211798	0.001831	1.913205	-0.022279	5.019379	4.847255	803.587097	0.008850
-0.289621	-0.047914	1.744743	-0.106815	4.982147	4.800867	803.260177	0.000916
-0.273446	-0.041810	1.471603	-0.024720	5.015412	4.831080	803.260177	0.002441
-0.354625	-0.041200	1.489303	-0.053102	4.989166	4.810633	803.260177	-0.005799
-0.401624	-0.048830	1.633045	0.059206	5.037996	4.854579	803.587097	-0.010681
-0.358898	-0.023804	1.694998	0.040590	5.011444	4.825892	804.240937	-0.006409
-0.327769	-0.053102	1.668752	0.058596	5.071566	4.885708	804.567856	-0.003357
-0.228889	-0.032350	1.625721	0.072329	5.048067	4.868313	804.894776	0.006714
-0.232856	-0.036012	1.532029	0.013123	5.034333	4.849696	804.567856	0.006409
-0.085147	-0.050050	1.778924	-0.077517	4.997711	4.806970	804.240937	0.021668
-0.186773	-0.033570	1.766717	0.018616	4.983978	4.806055	803.260177	0.011597
-0.220344	-0.014344	1.696829	0.036927	5.001068	4.821924	802.606337	0.008545
-0.260018	-0.025330	1.636708	-0.014649	4.985809	4.805445	802.279418	0.004578
-0.307627	-0.019837	1.562853	0.036012	4.987640	4.806665	801.952498	-0.000305
-0.223701	-0.032655	1.510361	-0.004273	5.022431	4.837794	801.952498	0.008240
-0.281991	-0.013733	1.514634	-0.046693	5.095981	4.909513	801.625578	0.002747
-0.296335	0.005188	1.468856	-0.010987	5.019990	4.839015	801.625578	0.001221
-0.314951	0.027772	1.537523	-0.022279	5.031281	4.854884	801.625578	-0.000305
-0.383312	0.005188	1.380352	-0.068667	4.978484	4.797510	801.625578	-0.007019
-0.363475	-0.013123	1.326945	-0.065004	5.032807	4.842372	801.952498	-0.004883
-0.387585	-0.025025	1.405683	-0.128178	5.013886	4.817957	802.279418	-0.007324
-0.558184	-0.071718	1.452986	-0.107120	5.053255	4.855190	802.606337	-0.024720
-0.452895	-0.028382	1.356243	-0.068667	5.020600	4.834437	802.933257	-0.014039
-0.393384	-0.026551	1.453291	-0.104678	5.040132	4.852138	804.240937	-0.007935
-0.452284	-0.024415	1.403241	-0.116581	5.060579	4.875027	804.894776	-0.014039
-0.405591	-0.063173	1.510666	-0.083010	5.076449	4.891507	805.221696	-0.009156
-0.483413	-0.036622	1.292764	-0.143132	5.014801	4.832911	805.548616	-0.017090
-0.392773	-0.022889	1.325114	-0.079043	5.059664	4.878384	806.529376	-0.007935
-0.458083	-0.034791	1.177099	-0.115360	4.984893	4.803003	806.856295	-0.014649
-0.422376	-0.005493	1.215552	-0.103458	5.033113	4.845424	807.510135	-0.010987
-0.260323	-0.021363	1.591235	-0.089419	5.041353	4.853359	808.163975	0.005188
-0.318308	-0.039369	1.478317	-0.044862	5.056917	4.869839	807.837055	-0.000305
-0.219428	-0.008545	1.462142	0.007935	5.005036	4.819788	807.837055	0.009766
-0.079348	0.014649	1.611377	0.003662	5.033113	4.858852	807.183215	0.024110
-0.153813	0.003052	1.455123	0.044862	5.022736	4.857631	805.875536	0.017090
-0.152593	-0.024415	1.446577	0.047304	4.988250	4.827113	804.894776	0.017396
-0.047609	-0.050661	1.598865	-0.046388	5.027009	4.859462	803.914017	0.028382
-0.036317	0.002747	1.553087	-0.029298	5.002899	4.831690	802.606337	0.029908
0.011292	-0.008545	1.587268	-0.029908	4.938505	4.766076	801.298658	0.034791
0.044557	-0.013733	1.635487	-0.045778	4.962615	4.779504	799.664059	0.038453
-0.098880	0.043641	1.679128	-0.023804	5.006256	4.812464	798.029459	0.024110
-0.163884	0.035096	1.736808	-0.010376	4.971770	4.765465	796.067940	0.017701
-0.160222	0.045778	1.635792	-0.054933	5.067598	4.853664	795.087181	0.018006
-0.179144	0.081179	1.707511	-0.045167	5.036775	4.821314	794.106421	0.016175
-0.126957	0.110172	1.778314	-0.056154	4.997406	4.777062	793.125662	0.021363
-0.131840	0.052797	1.772820	0.006409	4.971770	4.743492	792.144902	0.021058
-0.221870	0.093081	1.727348	-0.007935	4.995270	4.763329	791.164142	0.011902
-0.231330	0.054933	1.781060	-0.079653	4.967498	4.727012	790.510303	0.010987
-0.336619	0.078433	1.680654	-0.042726	5.049898	4.808802	789.856463	0.000000
-0.408643	0.043947	1.684011	0.034486	5.032807	4.787744	789.856463	-0.007630
-0.430616	0.048524	1.493881	0.009156	5.060579	4.814905	790.183383	-0.010376
-0.393689	0.077822	1.462752	-0.016480	4.978484	4.740745	790.837223	-0.007019
-0.404370	0.072329	1.514023	0.019837	4.987030	4.750511	791.164142	-0.008545
-0.351878	0.112003	1.569567	0.057680	4.996796	4.765160	791.491062	-0.003357
-0.393078	0.093081	1.682791	0.032655	5.025788	4.796289	791.817982	-0.007935
-0.474868	0.068056	1.756951	0.119327	5.037080	4.803613	792.144902	-0.016480
-0.383007	0.016175	1.880856	0.039369	5.027924	4.791711	792.471822	-0.007324
-0.312510	0.025636	1.918699	0.007935	5.046846	4.817957	793.452581	-0.000305
-0.361950	0.043947	1.736808	0.013123	5.044404	4.817042	793.452581	-0.005493
-0.330210	0.063784	1.744438	-0.004578	4.986724	4.765465	793.779501	-0.002136
-0.344249	0.020753	1.629078	0.030824	5.071871	4.846644	793.779501	-0.003662
-0.305490	-0.024110	1.662343	0.016785	5.012665	4.785302	794.106421	0.000305
-0.326548	-0.052797	1.612903	0.071413	5.066073	4.837794	794.106421	-0.001831
-0.383007	-0.029603	1.652882	-0.041810	5.061190	4.831996	794.106421	-0.007324
-0.263985	-0.044252	1.721854	-0.109867	5.039216	4.811853	794.433341	0.004578
-0.279244	-0.015259	1.594592	-0.138249	5.007172	4.777978	794.106421	0.003052
-0.412305	-0.002441	1.540574	-0.191961	5.051119	4.818873	794.106421	-0.010376
-0.433363	0.019227	1.548814	-0.149541	5.063021	4.832606	794.760261	-0.012818
-0.389416	0.061647	1.514939	-0.150456	5.045625	4.821924	795.414101	-0.008240
-0.504166	0.061037	1.466414	-0.041200	5.067904	4.851833	795.741020	-0.019532
-0.582598	0.075076	1.257973	-0.037843	5.028230	4.828028	796.721780	-0.027772
-0.569781	0.083316	1.328166	0.009461	5.033418	4.839320	798.029459	-0.026551
-0.414747	0.052492	1.369671	0.014344	5.005951	4.813379	799.337139	-0.010987
-0.467238	0.038148	1.428266	-0.019837	5.072787	4.883877	800.644818	-0.016480
-0.493179	0.058596	1.391949	-0.052187	5.008087	4.820399	801.298658	-0.019532
-0.454726	0.068972	1.488083	-0.073244	5.072481	4.878994	802.279418	-0.015564
-0.379955	0.052797	1.543626	-0.123295	5.048677	4.858242	802.933257	-0.008240
-0.472427	0.043336	1.478011	-0.082095	5.033113	4.842677	803.260177	-0.017396
-0.501114	0.059816	1.416059	-0.048830	5.010224	4.814600	804.240937	-0.020447
-0.545976	0.052492	1.290628	-0.020142	5.088046	4.882656	805.221696	-0.025025
-0.548418	0.067141	1.399579	-0.010987	5.052950	4.850612	806.529376	-0.025330
-0.548418	0.046693	1.320231	0.005799	5.045625	4.835047	807.837055	-0.025330
-0.598468	0.032960	1.250038	-0.043336	5.019684	4.808802	809.144734	-0.030213
-0.617084	0.054323	1.192358	-0.098880	5.031587	4.810022	810.779334	-0.032044
-0.527665	0.051576	1.244240	-0.128788	5.088961	4.854274	812.413933	-0.023194
-0.392163	0.016785	1.236305	-0.135807	5.051729	4.819788	813.721612	-0.009461
-0.477920	0.022889	1.139561	-0.129704	5.007477	4.779199	814.048532	-0.018006
-0.453505	0.039064	1.089511	-0.091861	5.017243	4.789575	815.029292	-0.015564
-0.381481	0.015870	1.044343	0.025025	5.004425	4.774621	815.683132	-0.008240
-0.360729	-0.028993	0.982391	0.038453	5.057527	4.819178	816.010051	-0.006104
-0.210578	-0.027772	1.257973	0.028077	4.974212	4.737388	816.336971	0.008850
-0.229194	-0.089114	1.225929	-0.037538	5.073397	4.830164	816.010051	0.007019
-0.212409	-0.039979	1.239051	-0.046388	5.035249	4.792932	815.683132	0.008850
-0.240486	-0.021058	1.356853	-0.000610	5.056001	4.809107	815.356212	0.006104
-0.232246	-0.013123	1.313211	-0.032044	5.029756	4.790490	815.029292	0.007019
-0.299692	0.013123	1.296731	0.006104	5.017548	4.783166	814.702372	0.000000
-0.325938	-0.002441	1.216773	-0.050356	5.064241	4.829859	814.702372	-0.003052
-0.203864	0.007935	1.292764	-0.035707	5.018464	4.787133	814.702372	0.009156
-0.203864	-0.009156	1.356243	-0.054323	5.065462	4.828639	814.375452	0.009156
-0.226142	-0.008545	1.264992	-0.060732	5.071566	4.832301	814.048532	0.006714
-0.162664	-0.068667	1.424604	-0.124821	5.032502	4.795679	813.721612	0.013123
-0.205390	-0.083926	1.469771	-0.068056	5.056307	4.818262	813.067773	0.009156
-0.119938	-0.093997	1.522263	0.008240	5.014191	4.774316	812.740853	0.017701
-0.100711	-0.060121	1.571703	-0.044557	5.048982	4.808496	811.760093	0.019837
-0.128788	-0.122074	1.568957	-0.143742	5.068209	4.827723	810.779334	0.017396
-0.086367	-0.104068	1.589099	-0.089419	5.052034	4.822230	809.798574	0.021973
-0.133671	-0.130619	1.623585	-0.057070	5.033418	4.811853	808.817815	0.017396
-0.267647	-0.160833	1.588794	-0.120548	5.067598	4.842067	807.837055	0.003967
-0.279244	-0.117801	1.440168	-0.071413	5.031892	4.816736	807.510135	0.002747
-0.286264	-0.128178	1.392254	-0.032655	5.027924	4.816736	807.510135	0.001831
-0.174871	-0.150151	1.435591	0.025025	5.054170	4.844203	807.510135	0.013123
-0.190130	-0.078738	1.505478	0.013733	5.063631	4.861904	806.856295	0.011597
-0.166021	-0.065615	1.517075	-0.038148	5.010834	4.815516	806.202456	0.014039
-0.205695	-0.076601	1.506394	-0.030519	5.040437	4.843593	805.548616	0.010071
-0.060121	-0.063478	1.648610	-0.016175	4.949797	4.760582	804.894776	0.024720
-0.030213	-0.062258	1.654408	-0.100406	5.012055	4.825587	803.587097	0.028077
-0.122379	-0.061953	1.611377	-0.083621	5.066988	4.872890	802.279418	0.018921
-0.159307	-0.049745	1.590625	-0.108036	5.046541	4.850612	801.298658	0.015564
-0.021668	-0.072024	1.677602	-0.047304	5.061190	4.857631	800.644818	0.029603
-0.113834	-0.048524	1.630299	-0.049135	4.976653	4.771264	799.010219	0.020753
-0.187078	-0.059816	1.663259	-0.018311	5.031892	4.810327	798.029459	0.013428
-0.221564	-0.037843	1.637623	0.113224	5.007477	4.789270	797.375620	0.010376
-0.299081	-0.018921	1.620533	0.036927	5.107883	4.880215	796.721780	0.002747
-0.190130	-0.042116	1.601917	0.000610	5.059969	4.836268	796.721780	0.014039
-0.167547	-0.008545	1.606189	0.032655	5.048372	4.831385	796.721780	0.016480
-0.197150	-0.009156	1.530808	-0.098575	5.038911	4.815821	795.741020	0.013733
-0.332347	-0.041200	1.425520	-0.110477	4.999847	4.771874	795.087181	0.000305
-0.264595	-0.025025	1.423994	-0.094607	5.021210	4.791406	795.087181	0.007324
-0.190435	-0.052187	1.499069	-0.158086	5.025788	4.793847	794.760261	0.014954
-0.116886	-0.054018	1.534165	-0.102542	4.980621	4.748375	794.106421	0.022584
-0.087893	-0.040895	1.525315	-0.069887	5.019074	4.773400	792.798742	0.025636
-0.025330	-0.058290	1.681875	-0.069582	5.004730	4.759362	791.491062	0.032350
-0.077517	-0.055849	1.708121	-0.009766	5.032197	4.777978	789.856463	0.027161
-0.230415	-0.058596	1.627857	0.075076	4.985809	4.734031	788.548784	0.011597
-0.234382	-0.052492	1.764885	0.073855	5.038911	4.788659	787.894944	0.011292
-0.233467	-0.056459	2.069155	0.070803	4.991607	4.748375	787.241104	0.011292
-0.195013	0.007935	1.962340	0.093997	5.051729	4.811243	786.587264	0.014954
-0.257576	-0.017701	1.843318	-0.004883	5.002594	4.765160	785.933425	0.008545
-0.270089	0.035707	1.814325	-0.006714	4.988556	4.756310	785.606505	0.007019
-0.301218	0.016175	1.769463	0.010987	5.078280	4.839015	785.279585	0.003357
-0.289926	-0.005799	1.872005	-0.039369	4.985199	4.751732	784.952665	0.004273
-0.188604	0.012513	1.873531	-0.041200	5.031892	4.801477	784.625745	0.014649
-0.145573	-0.018006	1.976379	-0.068361	5.026704	4.784082	783.971906	0.018921
-0.100711	-0.019532	2.032228	-0.156865	5.025483	4.795984	782.991146	0.023499
-0.014344	-0.061953	2.027650	-0.226753	5.025788	4.808496	781.683467	0.032044
-0.102237	-0.031129	1.915952	-0.189520	4.990387	4.799341	780.048867	0.023499
-0.136418	-0.083010	1.840266	-0.161748	5.010529	4.820704	778.741188	0.020142
-0.106510	-0.081179	1.925413	-0.126652	5.065767	4.880520	777.760428	0.023194
-0.180059	-0.088504	1.909238	-0.033876	5.032807	4.850307	776.452749	0.015870
-0.325938	-0.050661	1.899777	-0.010376	5.018159	4.839015	775.471989	0.001526
-0.268563	-0.075076	1.982788	-0.083621	5.001068	4.818567	775.471989	0.007324
-0.304270	-0.070498	1.966918	-0.181280	5.031281	4.847865	775.145069	0.003967
-0.366832	-0.061647	1.890316	-0.205390	5.058748	4.875942	774.818150	-0.002441
-0.520646	-0.061342	1.677297	-0.150456	5.004730	4.820399	774.818150	-0.018006
-0.524308	-0.032655	1.807306	-0.185247	5.019379	4.831385	774.818150	-0.018311
-0.595721	-0.079958	1.950438	-0.172430	5.018464	4.825892	775.798909	-0.025636
-0.579546	-0.081484	1.861019	-0.116276	5.024873	4.837489	777.106589	-0.024110
-0.607013	-0.072329	1.669668	-0.036622	5.006561	4.820704	778.414268	-0.027161
-0.710776	-0.044252	1.647694	-0.038148	5.027924	4.837489	779.721947	-0.037843
-0.747398	-0.051881	1.671194	-0.040590	5.026704	4.822230	781.683467	-0.042116
-0.673544	-0.057375	1.581469	-0.053102	5.024262	4.802698	783.971906	-0.035096
-0.588092	-0.081484	1.528977	-0.116276	5.045930	4.810633	785.933425	-0.026856
-0.518204	-0.137028	1.524400	0.005493	4.971160	4.735557	787.241104	-0.019837
-0.438551	-0.129093	1.567431	0.023194	5.028840	4.787439	788.221864	-0.011902
-0.453200	-0.108646	1.668752	0.051576	5.042879	4.800562	788.875703	-0.013733
-0.415357	-0.096744	1.652882	0.062563	4.990692	4.752037	789.529543	-0.010071
-0.307627	-0.141911	1.682791	0.003967	4.989166	4.746239	790.183383	0.000916
-0.290231	-0.165410	1.614734	0.010376	5.044710	4.803919	790.183383	0.002747
-0.224311	-0.144963	1.680654	0.063784	4.987335	4.741356	790.183383	0.009461
-0.206000	-0.183416	1.682485	0.051576	5.051424	4.800562	789.856463	0.011597
-0.240486	-0.161748	1.801813	-0.020447	5.043794	4.793847	789.529543	0.008545
-0.200507	-0.122379	1.810358	0.037233	5.008087	4.756920	788.875703	0.012818
-0.202338	-0.068667	1.700491	0.001221	5.034028	4.787133	788.548784	0.012818
-0.256355	-0.050356	1.848506	-0.091556	5.044710	4.799646	787.894944	0.007630
-0.221870	-0.001831	1.763665	-0.120853	5.029145	4.785913	787.568024	0.011292
-0.086673	0.003662	1.837214	-0.090945	4.953459	4.721824	786.914184	0.025330
-0.119022	0.009766	1.859798	-0.159917	4.996796	4.768517	785.606505	0.022279
-0.137333	-0.031434	1.738945	-0.105594	5.037690	4.814905	784.298825	0.020753
-0.243233	-0.050050	1.834773	-0.057070	5.027924	4.813684	783.318066	0.010376
-0.215461	-0.057985	1.999573	-0.004883	5.054170	4.840846	782.664226	0.013733
-0.216071	-0.044252	2.024598	-0.002136	5.001373	4.801172	782.010386	0.013733
-0.224006	-0.001831	1.971496	-0.027772	5.041047	4.850307	781.356547	0.013428
-0.405286	0.041200	1.886654	-0.082095	4.961699	4.778893	780.702707	-0.004578
-0.455031	0.028993	1.759392	0.056459	5.032807	4.842372	781.029627	-0.009461
-0.523392	0.037233	1.799066	0.050661	5.061800	4.866787	781.356547	-0.016175
-0.567644	0.075686	1.761528	0.038759	5.006867	4.806055	782.337306	-0.020753
-0.579546	0.062258	1.673330	0.035401	5.001984	4.783471	783.318066	-0.021973
-0.739463	0.067751	1.660512	0.036012	5.060274	4.833216	784.298825	-0.038453
-0.706809	0.050661	1.591540	0.065920	5.001679	4.763024	786.260345	-0.035401
-0.655843	0.039979	1.601001	0.039979	5.006256	4.756920	788.221864	-0.030519
-0.713828	0.043031	1.499374	0.023499	5.004120	4.756310	789.856463	-0.036927
-0.769982	0.072939	1.350139	0.029908	5.006561	4.762719	791.817982	-0.043031
-0.656758	0.058290	1.326334	0.071108	5.079196	4.841151	794.106421	-0.032044
-0.527360	0.040590	1.439863	0.104984	5.002899	4.781030	795.741020	-0.019532
-0.475173	0.056764	1.497238	0.101932	4.952239	4.742576	796.721780	-0.014649
-0.554521	0.071718	1.416059	0.067751	4.976959	4.763939	797.375620	-0.022584
-0.625935	0.070498	1.472213	0.036012	5.069124	4.860378	798.683299	-0.030213
-0.705283	0.101321	1.421857	0.000000	5.049287	4.851222	800.317898	-0.038759
-0.682089	0.031434	1.303751	0.035707	5.017548	4.827113	802.279418	-0.036622
-0.740684	0.026856	1.286966	0.056154	5.006561	4.812769	804.240937	-0.043031
-0.805078	-0.019532	1.163671	0.116276	5.033113	4.828028	806.529376	-0.050356
-0.654622	-0.042421	1.251564	0.031129	5.045320	4.827723	808.817815	-0.035707
-0.708640	-0.049745	1.276894	-0.086673	5.055696	4.829859	811.433173	-0.041505
-0.598773	-0.047609	1.015046	-0.067446	5.060579	4.825587	813.394693	-0.031129
-0.504166	-0.015870	1.027863	-0.041505	4.989776	4.756005	815.683132	-0.021973
-0.408338	0.024415	1.155431	0.058901	5.020600	4.788965	816.663891	-0.012818
-0.370800	0.054628	1.277505	0.123600	5.058443	4.827723	817.317731	-0.009156
-0.216987	0.100406	1.316568	0.106204	4.977264	4.756615	817.644651	0.006104
-0.250557	0.179754	1.391949	0.148320	4.981841	4.767602	817.317731	0.002747
-0.290536	0.245979	1.436201	0.055544	4.975127	4.768212	817.317731	-0.001221
-0.286569	0.215766	1.400800	0.023804	4.960784	4.751122	817.317731	-0.000916
-0.182501	0.169988	1.351970	0.050661	5.035859	4.818262	817.317731	0.009461
-0.236518	0.135807	1.292459	0.033265	5.003510	4.786218	816.663891	0.003967
-0.294809	0.076296	1.314127	-0.004883	5.020295	4.797205	816.336971	-0.001831
-0.189825	0.059816	1.311686	-0.097659	5.035859	4.810022	816.336971	0.008545
-0.044252	0.090945	1.416059	-0.166936	4.997101	4.767602	816.010051	0.023194
0.003052	0.100406	1.470382	-0.195318	5.032502	4.797815	814.702372	0.027772
-0.113834	0.079043	1.529283	-0.193487	5.025788	4.795679	813.394693	0.016175
-0.217902	0.104984	1.318400	-0.138554	4.994049	4.770043	812.413933	0.005799
-0.232246	0.098270	1.222877	-0.125431	4.994659	4.770959	812.087013	0.003967
-0.207221	0.077822	1.367840	-0.128178	5.033113	4.809107	811.760093	0.006714
-0.169988	0.091861	1.532945	-0.166631	4.996490	4.771874	811.433173	0.010376
-0.184027	0.042726	1.316263	-0.073550	4.995575	4.777673	810.779334	0.009156
-0.149236	0.009156	1.314432	-0.161443	5.049593	4.829249	810.452414	0.012513
-0.257881	0.015259	1.375774	-0.054933	4.983673	4.778283	809.798574	0.001526
-0.298166	0.028382	1.506088	0.043031	4.990387	4.785302	809.798574	-0.002441
-0.291147	0.021973	1.410566	0.037538	5.047456	4.846950	809.798574	-0.001831
-0.201422	0.038453	1.471908	0.108341	5.037080	4.836268	809.798574	0.007324
-0.252693	0.060121	1.607715	0.095218	5.009308	4.812464	809.471654	0.002136
-0.307321	0.015259	1.669057	0.196844	5.074007	4.874722	809.471654	-0.003662
-0.306406	0.004273	1.646474	0.168767	5.052034	4.848781	809.798574	-0.003662
-0.358898	-0.012513	1.733451	0.161443	5.030976	4.821924	810.125494	-0.009156
-0.234993	-0.046083	1.718802	0.161138	5.076754	4.861904	810.452414	0.003052
-0.125126	-0.040895	1.889096	0.154424	5.089877	4.875942	810.452414	0.014039
-0.000000	-0.053102	2.034364	0.120853	5.039216	4.836268	809.798574	0.026856
-0.010376	-0.036317	2.000183	0.146489	4.914396	4.725486	808.490895	0.025941
0.078738	-0.036622	1.979125	0.075381	5.034333	4.848170	807.183215	0.035096
-0.133061	-0.056154	1.811274	0.100406	5.024873	4.842372	805.221696	0.014039
-0.200812	-0.064394	1.797540	0.016480	5.004120	4.826502	804.567856	0.007324
-0.152593	-0.075381	1.844844	-0.025025	5.078890	4.892117	804.240937	0.012513
-0.125126	-0.095218	1.771294	-0.024415	4.966887	4.783471	803.587097	0.015259
-0.110477	-0.061647	1.773736	-0.039369	5.018464	4.832301	802.933257	0.016785
-0.101016	-0.067751	1.956847	-0.039369	5.007782	4.821619	801.952498	0.017701
-0.209052	0.000305	1.893063	-0.030213	5.002289	4.818262	800.971738	0.007019
-0.268563	-0.001526	1.838435	-0.023194	5.034944	4.846644	800.644818	0.000610
-0.172124	-0.021973	1.857662	-0.034181	5.081027	4.889065	800.644818	0.010376
-0.264901	-0.026856	1.724296	-0.054018	4.975433	4.786218	799.990979	0.000916
-0.291452	-0.065004	1.617481	-0.101016	5.025788	4.835658	799.990979	-0.001831
-0.311289	-0.087283	1.474654	-0.130619	4.992523	4.799036	799.990979	-0.003967
-0.370800	-0.112613	1.553697	-0.143437	5.019990	4.825892	800.317898	-0.010071
-0.313730	-0.107730	1.550035	-0.092471	5.003815	4.810022	800.971738	-0.004273
-0.346690	-0.109867	1.626942	-0.096133	5.008698	4.816431	801.298658	-0.007630
-0.315867	-0.136113	1.710868	-0.023804	5.084384	4.886013	801.625578	-0.004578
-0.307016	-0.127567	1.510361	0.056764	5.039827	4.853359	801.952498	-0.003357
-0.344249	-0.118107	1.579333	0.030213	5.030976	4.847560	802.279418	-0.007019
-0.284738	-0.056459	1.702628	-0.037233	4.998932	4.815210	802.606337	-0.000916
-0.336009	-0.075686	1.583605	-0.052492	5.027619	4.845119	802.606337	-0.005799
-0.303659	-0.008545	1.525620	-0.023804	5.070040	4.883267	802.606337	-0.002136
-0.329295	0.033570	1.569872	-0.014039	5.113681	4.927519	802.606337	-0.004273
-0.380566	0.028993	1.499680	-0.106815	5.032807	4.851222	802.606337	-0.009156
-0.418409	0.035401	1.344646	-0.039979	5.026093	4.848170	802.933257	-0.012513
-0.430616	0.037538	1.357463	-0.097964	5.016022	4.838404	803.587097	-0.013733
-0.426649	0.016480	1.397748	-0.136113	4.974517	4.794153	804.240937	-0.013123
-0.245979	-0.003052	1.472518	-0.174261	5.077364	4.888760	804.894776	0.005188
-0.153813	-0.005799	1.522263	-0.115665	5.029756	4.843287	804.567856	0.014649
-0.087588	-0.017701	1.458480	-0.054323	5.023652	4.831690	803.914017	0.021668
-0.058290	0.008850	1.589099	-0.021058	4.996490	4.813990	802.933257	0.024720
-0.090335	0.042421	1.571398	-0.019532	5.041047	4.856410	801.625578	0.021668
-0.144353	0.022889	1.606800	-0.055239	5.093234	4.900967	800.644818	0.016480
-0.159307	0.004883	1.667837	0.003967	5.022431	4.826807	799.664059	0.014954
-0.024720	0.011902	1.782586	-0.023194	5.030366	4.827113	799.010219	0.028687
-0.071413	0.008545	1.862545	0.007324	5.073092	4.858547	797.375620	0.024110
-0.125431	0.030519	1.738029	0.005188	5.056917	4.835658	795.741020	0.018616
-0.187384	0.076601	1.701712	0.021058	5.032502	4.806970	794.433341	0.012513
-0.159001	0.061037	1.674551	-0.007019	5.106662	4.870144	793.452581	0.015564
-0.188299	0.011597	1.624500	0.043336	5.067293	4.823756	792.798742	0.012513
-0.327769	0.024415	1.601306	0.010071	5.019990	4.775231	792.144902	-0.001526
-0.258797	0.014954	1.659902	-0.091556	5.026093	4.774926	792.144902	0.005188
-0.226753	0.023804	1.793573	-0.112003	5.016022	4.765465	791.817982	0.008240
-0.298166	0.024110	1.743828	-0.123905	5.019990	4.764245	791.491062	0.001221
-0.223395	-0.003662	1.734977	-0.128483	4.997101	4.741050	791.491062	0.008545
-0.328990	0.027467	1.682791	-0.122379	5.016633	4.765770	791.164142	-0.002136
-0.329600	0.023194	1.664785	-0.092776	5.045320	4.793847	791.164142	-0.002136
-0.321360	-0.000610	1.561327	-0.045167	4.982757	4.739830	791.164142	-0.001221
-0.445875	-0.070803	1.576891	-0.032044	5.036775	4.782861	791.164142	-0.013428
-0.425733	-0.049135	1.625721	-0.002136	4.984588	4.738914	791.817982	-0.011292
-0.378430	-0.063173	1.613514	-0.082705	5.039521	4.797815	792.471822	-0.006409
-0.385144	-0.084231	1.703543	0.006714	5.032502	4.793847	792.798742	-0.006714
-0.263375	-0.102847	1.757256	0.000610	5.084689	4.843287	793.125662	0.005799
-0.148625	-0.110172	1.864986	-0.055239	5.020905	4.778588	792.798742	0.018006
-0.093997	-0.090335	1.894284	-0.045167	5.014191	4.770043	792.471822	0.024110
-0.118412	-0.075381	1.769768	-0.036622	5.048982	4.798120	791.491062	0.022279
-0.065920	-0.101932	1.779229	0.021058	5.086520	4.828028	790.183383	0.028077
-0.057985	-0.098270	1.935179	0.057985	5.036775	4.777673	788.875703	0.029298
-0.097964	-0.094607	1.950438	0.099185	5.053865	4.801782	787.241104	0.025636
